2
80
1
2
3
4
5
6
7
8
9
10
11
12
13
14
15
16
17
18
19
20
21
22
23
24
25
26
27
28
29
30
31
32
33
34
35
36
37
38
39
40
41
42
43
44
45
46
47
48
49
50
51
52
53
54
55
56
57
58
59
60
61
62
63
64
65
66
67
68
69
70
71
72
73
74
75
76
77
78
79
80
458
1 2 3
1 16 3
1 19 3
1 21 3
1 23 3
1 29 3
2 10 4
2 24 4
2 42 4
2 55 4
2 64 4
2 71 4
3 22 3
3 29 3
3 39 3
3 49 3
3 52 3
3 53 3
4 66 5
4 67 5
4 73 5
4 10 4
4 14 4
4 15 4
5 61 4
5 33 3
5 39 3
5 59 3
5 6 2
5 8 2
6 17 3
6 22 3
6 28 3
6 40 3
6 50 3
6 57 3
7 9 3
7 32 3
7 35 3
7 52 3
7 63 3
7 11 2
8 17 3
8 41 3
8 57 3
8 72 3
8 79 3
8 11 2
9 23 3
9 35 3
9 38 3
9 43 3
9 52 3
9 63 3
10 14 4
10 18 4
10 55 4
10 64 4
10 66 4
10 67 4
11 32 3
11 33 3
11 45 3
11 60 3
11 72 3
11 76 3
12 18 4
12 38 4
12 64 4
12 70 4
12 14 3
12 15 3
13 20 3
13 29 3
13 34 3
13 47 3
13 60 3
13 23 2
14 18 4
14 24 4
14 64 4
14 66 4
14 67 4
14 70 4
15 18 4
15 30 4
15 36 4
15 66 4
15 67 4
15 70 4
16 21 4
16 40 3
16 50 3
16 54 3
16 62 3
16 77 3
17 57 3
17 58 3
17 65 3
17 68 3
17 69 3
17 19 2
18 70 5
18 36 4
18 56 4
18 64 4
18 66 4
18 67 4
19 25 3
19 42 3
19 68 3
19 77 3
19 78 3
19 21 2
20 56 4
20 60 4
20 27 3
20 45 3
20 47 3
20 70 3
21 40 4
21 23 3
21 24 3
21 30 3
21 50 3
21 54 3
22 33 3
22 44 3
22 53 3
22 54 3
22 58 3
22 59 3
23 24 3
23 26 3
23 28 3
23 40 3
23 47 3
23 55 3
24 64 4
24 25 3
24 32 3
24 40 3
24 42 3
24 48 3
25 48 4
25 32 3
25 34 3
25 68 3
25 30 2
25 31 2
26 31 3
26 36 3
26 38 3
26 46 3
26 55 3
26 64 3
27 45 4
27 50 4
27 62 4
27 28 3
27 47 3
27 54 3
28 47 4
28 35 3
28 46 3
28 59 3
28 29 2
28 37 2
29 52 4
29 63 4
29 47 3
29 49 3
29 53 3
29 62 3
30 36 3
30 40 3
30 41 3
30 44 3
30 49 3
30 66 3
31 36 4
31 66 3
31 67 3
31 70 3
31 73 3
31 34 2
32 48 4
32 43 3
32 71 3
32 72 3
32 33 2
32 35 2
33 34 3
33 58 3
33 39 2
33 43 2
33 45 2
33 48 2
34 45 3
34 54 3
34 58 3
34 59 3
34 60 3
34 44 2
35 43 3
35 46 3
35 47 3
35 51 3
35 36 2
35 37 2
36 66 4
36 67 4
36 70 4
36 73 4
36 37 3
36 38 3
37 38 3
37 49 3
37 42 2
37 46 2
37 47 2
37 48 2
38 46 3
38 49 3
38 52 3
38 56 3
38 64 3
38 70 3
39 75 3
39 40 2
39 44 2
39 46 2
39 48 2
39 49 2
40 44 3
40 50 3
40 54 3
40 57 3
40 62 3
40 65 3
41 43 3
41 49 3
41 55 3
41 56 3
41 66 3
41 67 3
42 55 4
42 71 4
42 52 3
42 56 3
42 64 3
42 74 3
43 72 4
43 44 3
43 65 3
43 68 3
43 70 3
43 80 3
44 54 3
44 59 3
44 65 3
44 68 3
44 75 3
44 45 2
45 60 4
45 47 3
45 50 3
45 54 3
45 59 3
45 62 3
46 49 3
46 56 3
46 70 3
46 76 3
46 47 2
46 51 2
47 52 3
47 60 3
47 74 3
47 50 2
47 51 2
47 55 2
48 53 2
48 54 2
48 57 2
48 60 2
48 63 2
48 64 2
49 52 3
49 63 3
49 80 3
49 51 2
49 53 2
49 56 2
50 62 4
50 54 3
50 59 3
50 61 3
50 53 2
50 55 2
51 66 2
51 67 2
51 68 2
51 73 2
51 75 2
51 77 2
52 53 3
52 63 3
52 71 3
52 72 3
52 74 3
52 80 3
53 54 3
53 57 3
53 62 3
53 63 3
53 72 3
53 76 3
54 59 4
54 62 4
54 63 3
54 77 3
54 57 2
54 58 2
55 64 4
55 71 4
55 56 3
55 66 3
55 67 3
55 70 3
56 70 4
56 60 3
56 64 3
56 66 3
56 67 3
56 71 3
57 58 2
57 59 2
57 61 2
57 62 2
57 63 2
57 65 2
58 59 3
58 63 3
58 65 3
58 77 3
58 60 2
58 61 2
59 61 3
59 62 3
59 77 3
59 60 2
59 63 2
59 65 2
60 72 3
60 74 3
60 76 3
60 62 2
60 63 2
60 64 2
61 62 3
61 69 2
61 76 2
61 68 1
61 71 1
61 72 1
62 63 2
62 71 2
62 74 2
62 76 2
62 77 2
62 79 2
63 65 3
63 77 3
63 72 2
63 74 2
63 78 2
63 79 2
64 66 4
64 67 4
64 70 4
64 73 4
64 71 3
64 78 3
65 68 3
65 72 3
65 77 3
65 78 3
65 66 2
65 67 2
66 67 5
66 73 5
66 70 4
66 68 3
66 78 3
66 71 2
67 73 5
67 70 4
67 68 3
67 78 3
67 71 2
67 75 2
68 73 3
68 75 3
68 69 2
68 70 2
68 72 2
68 77 2
69 72 2
69 74 2
69 76 2
69 78 2
69 80 2
69 70 1
70 73 4
70 71 3
70 80 3
70 72 2
70 74 2
70 75 2
71 72 3
71 74 3
71 76 3
71 73 2
71 80 2
71 75 1
72 74 3
72 76 3
72 78 2
72 79 2
72 80 2
72 73 1
73 78 3
73 75 2
73 80 2
73 74 1
73 76 1
73 77 1
74 76 3
74 79 3
74 78 2
74 80 2
74 75 1
74 77 1
75 79 3
75 77 1
75 80 1
75 76 0
75 78 0
76 78 2
76 77 1
76 79 1
76 80 1
77 78 2
77 79 1
77 80 1
78 80 2
78 79 1
79 80 2
