2
80
1
2
3
4
5
6
7
8
9
10
11
12
13
14
15
16
17
18
19
20
21
22
23
24
25
26
27
28
29
30
31
32
33
34
35
36
37
38
39
40
41
42
43
44
45
46
47
48
49
50
51
52
53
54
55
56
57
58
59
60
61
62
63
64
65
66
67
68
69
70
71
72
73
74
75
76
77
78
79
80
458
1 2 2
1 16 2
1 19 2
1 21 2
1 23 2
1 29 2
2 10 1
2 24 1
2 42 1
2 55 1
2 64 1
2 71 1
3 22 2
3 29 2
3 39 2
3 49 2
3 52 2
3 53 2
4 66 0
4 67 0
4 73 0
4 10 1
4 14 1
4 15 1
5 61 1
5 33 2
5 39 2
5 59 2
5 6 3
5 8 3
6 17 2
6 22 2
6 28 2
6 40 2
6 50 2
6 57 2
7 9 2
7 32 2
7 35 2
7 52 2
7 63 2
7 11 3
8 17 2
8 41 2
8 57 2
8 72 2
8 79 2
8 11 3
9 23 2
9 35 2
9 38 2
9 43 2
9 52 2
9 63 2
10 14 1
10 18 1
10 55 1
10 64 1
10 66 1
10 67 1
11 32 2
11 33 2
11 45 2
11 60 2
11 72 2
11 76 2
12 18 1
12 38 1
12 64 1
12 70 1
12 14 2
12 15 2
13 20 2
13 29 2
13 34 2
13 47 2
13 60 2
13 23 3
14 18 1
14 24 1
14 64 1
14 66 1
14 67 1
14 70 1
15 18 1
15 30 1
15 36 1
15 66 1
15 67 1
15 70 1
16 21 1
16 40 2
16 50 2
16 54 2
16 62 2
16 77 2
17 57 2
17 58 2
17 65 2
17 68 2
17 69 2
17 19 3
18 70 0
18 36 1
18 56 1
18 64 1
18 66 1
18 67 1
19 25 2
19 42 2
19 68 2
19 77 2
19 78 2
19 21 3
20 56 1
20 60 1
20 27 2
20 45 2
20 47 2
20 70 2
21 40 1
21 23 2
21 24 2
21 30 2
21 50 2
21 54 2
22 33 2
22 44 2
22 53 2
22 54 2
22 58 2
22 59 2
23 24 2
23 26 2
23 28 2
23 40 2
23 47 2
23 55 2
24 64 1
24 25 2
24 32 2
24 40 2
24 42 2
24 48 2
25 48 1
25 32 2
25 34 2
25 68 2
25 30 3
25 31 3
26 31 2
26 36 2
26 38 2
26 46 2
26 55 2
26 64 2
27 45 1
27 50 1
27 62 1
27 28 2
27 47 2
27 54 2
28 47 1
28 35 2
28 46 2
28 59 2
28 29 3
28 37 3
29 52 1
29 63 1
29 47 2
29 49 2
29 53 2
29 62 2
30 36 2
30 40 2
30 41 2
30 44 2
30 49 2
30 66 2
31 36 1
31 66 2
31 67 2
31 70 2
31 73 2
31 34 3
32 48 1
32 43 2
32 71 2
32 72 2
32 33 3
32 35 3
33 34 2
33 58 2
33 39 3
33 43 3
33 45 3
33 48 3
34 45 2
34 54 2
34 58 2
34 59 2
34 60 2
34 44 3
35 43 2
35 46 2
35 47 2
35 51 2
35 36 3
35 37 3
36 66 1
36 67 1
36 70 1
36 73 1
36 37 2
36 38 2
37 38 2
37 49 2
37 42 3
37 46 3
37 47 3
37 48 3
38 46 2
38 49 2
38 52 2
38 56 2
38 64 2
38 70 2
39 75 2
39 40 3
39 44 3
39 46 3
39 48 3
39 49 3
40 44 2
40 50 2
40 54 2
40 57 2
40 62 2
40 65 2
41 43 2
41 49 2
41 55 2
41 56 2
41 66 2
41 67 2
42 55 1
42 71 1
42 52 2
42 56 2
42 64 2
42 74 2
43 72 1
43 44 2
43 65 2
43 68 2
43 70 2
43 80 2
44 54 2
44 59 2
44 65 2
44 68 2
44 75 2
44 45 3
45 60 1
45 47 2
45 50 2
45 54 2
45 59 2
45 62 2
46 49 2
46 56 2
46 70 2
46 76 2
46 47 3
46 51 3
47 52 2
47 60 2
47 74 2
47 50 3
47 51 3
47 55 3
48 53 3
48 54 3
48 57 3
48 60 3
48 63 3
48 64 3
49 52 2
49 63 2
49 80 2
49 51 3
49 53 3
49 56 3
50 62 1
50 54 2
50 59 2
50 61 2
50 53 3
50 55 3
51 66 3
51 67 3
51 68 3
51 73 3
51 75 3
51 77 3
52 53 2
52 63 2
52 71 2
52 72 2
52 74 2
52 80 2
53 54 2
53 57 2
53 62 2
53 63 2
53 72 2
53 76 2
54 59 1
54 62 1
54 63 2
54 77 2
54 57 3
54 58 3
55 64 1
55 71 1
55 56 2
55 66 2
55 67 2
55 70 2
56 70 1
56 60 2
56 64 2
56 66 2
56 67 2
56 71 2
57 58 3
57 59 3
57 61 3
57 62 3
57 63 3
57 65 3
58 59 2
58 63 2
58 65 2
58 77 2
58 60 3
58 61 3
59 61 2
59 62 2
59 77 2
59 60 3
59 63 3
59 65 3
60 72 2
60 74 2
60 76 2
60 62 3
60 63 3
60 64 3
61 62 2
61 69 3
61 76 3
61 68 4
61 71 4
61 72 4
62 63 3
62 71 3
62 74 3
62 76 3
62 77 3
62 79 3
63 65 2
63 77 2
63 72 3
63 74 3
63 78 3
63 79 3
64 66 1
64 67 1
64 70 1
64 73 1
64 71 2
64 78 2
65 68 2
65 72 2
65 77 2
65 78 2
65 66 3
65 67 3
66 67 0
66 73 0
66 70 1
66 68 2
66 78 2
66 71 3
67 73 0
67 70 1
67 68 2
67 78 2
67 71 3
67 75 3
68 73 2
68 75 2
68 69 3
68 70 3
68 72 3
68 77 3
69 72 3
69 74 3
69 76 3
69 78 3
69 80 3
69 70 4
70 73 1
70 71 2
70 80 2
70 72 3
70 74 3
70 75 3
71 72 2
71 74 2
71 76 2
71 73 3
71 80 3
71 75 4
72 74 2
72 76 2
72 78 3
72 79 3
72 80 3
72 73 4
73 78 2
73 75 3
73 80 3
73 74 4
73 76 4
73 77 4
74 76 2
74 79 2
74 78 3
74 80 3
74 75 4
74 77 4
75 79 2
75 77 4
75 80 4
75 76 5
75 78 5
76 78 3
76 77 4
76 79 4
76 80 4
77 78 3
77 79 4
77 80 4
78 80 3
78 79 4
79 80 3
