2
81
1
2
3
4
5
6
7
8
9
10
11
12
13
14
15
16
17
18
19
20
21
22
23
24
25
26
27
28
29
30
31
32
33
34
35
36
37
38
39
40
41
42
43
44
45
46
47
48
49
50
51
52
53
54
55
56
57
58
59
60
61
62
63
64
65
66
67
68
69
70
71
72
73
74
75
76
77
78
79
80
81
524
1 76 2
1 4 4
1 55 2
1 54 3
1 79 2
1 10 2
1 11 5
2 11 3
2 43 2
2 15 5
2 7 4
2 61 2
2 58 1
2 40 5
3 23 3
3 61 5
3 71 5
3 59 3
3 53 1
3 41 4
3 13 5
4 69 3
4 7 5
4 63 2
4 80 4
4 29 4
4 38 4
4 48 3
5 16 4
5 61 4
5 44 2
5 40 2
5 43 3
5 33 2
5 67 3
6 68 4
6 10 1
6 23 1
6 14 5
6 18 1
6 79 5
6 16 3
7 37 5
7 66 4
7 29 3
7 28 1
7 23 3
7 71 4
7 67 5
8 38 2
8 52 1
8 50 5
8 56 3
8 62 1
8 21 5
8 11 3
9 24 4
9 12 3
9 65 1
9 43 5
9 73 3
9 57 3
9 71 5
10 61 2
10 32 1
10 68 5
10 64 5
10 48 5
10 26 1
10 72 3
11 27 4
11 73 3
11 74 3
11 33 5
11 43 1
11 39 1
11 75 3
12 78 5
12 58 3
12 68 2
12 66 1
12 72 1
12 55 4
12 73 3
13 60 2
13 32 1
13 36 1
13 80 2
13 39 3
13 30 1
13 38 5
14 51 5
14 81 3
14 41 3
14 38 4
14 56 3
14 70 2
14 48 5
15 70 4
15 39 5
15 62 3
15 45 4
15 67 4
15 61 2
15 38 5
16 72 3
16 39 2
16 69 1
16 30 1
16 45 5
16 63 1
16 59 1
17 68 2
17 52 2
17 49 2
17 22 4
17 76 1
17 77 2
17 65 2
18 79 2
18 19 3
18 37 1
18 23 3
18 24 3
18 25 5
18 29 3
19 69 2
19 43 3
19 40 5
19 37 3
19 81 2
19 61 4
19 56 2
20 75 3
20 42 1
20 49 4
20 80 4
20 36 4
20 51 5
20 22 1
21 36 5
21 70 3
21 45 3
21 32 5
21 35 3
21 30 4
21 59 1
22 81 5
22 71 3
22 75 2
22 61 4
22 58 2
22 66 4
22 78 5
23 33 2
23 42 4
23 38 5
23 60 3
23 47 3
23 55 4
23 62 5
24 40 1
24 31 3
24 46 2
24 57 3
24 28 4
24 50 2
24 25 5
25 63 1
25 69 3
25 51 2
25 33 2
25 57 4
25 60 5
25 40 5
26 78 2
26 44 3
26 38 2
26 54 2
26 81 1
26 80 4
26 47 3
27 49 1
27 32 4
27 28 5
27 38 5
27 62 5
27 63 3
27 41 4
28 66 2
28 48 1
28 44 1
28 76 5
28 69 2
28 58 1
28 30 1
29 71 4
29 50 2
29 46 1
29 42 2
29 33 3
29 79 5
29 38 1
30 47 3
30 45 1
30 42 2
30 38 2
30 33 3
30 40 3
30 54 3
31 41 2
31 76 1
31 78 3
31 69 4
31 60 5
31 39 5
31 38 2
32 65 2
32 37 5
32 36 4
32 76 2
32 47 4
32 60 3
32 75 3
33 36 3
33 47 5
33 43 2
33 72 4
33 50 5
33 74 2
33 60 4
34 43 5
34 38 1
34 70 3
34 75 1
34 51 5
34 50 2
34 68 4
35 45 4
35 49 4
35 75 3
35 40 4
35 37 5
35 41 2
35 73 4
36 45 3
36 76 3
36 73 2
36 60 3
36 44 2
36 72 4
36 67 5
37 46 2
37 50 4
37 61 4
37 39 2
37 69 1
37 81 3
37 58 5
38 77 1
38 47 1
38 43 2
38 39 1
38 44 5
38 76 3
38 60 5
39 58 1
39 52 4
39 45 1
39 72 2
39 65 1
39 50 3
39 49 1
40 78 5
40 50 1
40 75 2
40 66 2
40 41 5
40 77 3
40 73 2
41 70 5
41 69 3
41 62 3
41 55 3
41 68 3
41 42 2
41 52 2
42 72 4
42 67 3
42 58 4
42 79 2
42 65 1
42 52 3
42 46 5
43 80 2
43 69 1
43 70 3
43 78 1
43 56 5
43 61 3
43 47 4
44 49 1
44 69 2
44 51 1
44 78 4
44 47 2
44 59 2
44 68 4
45 47 4
45 58 3
45 57 3
45 68 3
45 48 4
45 67 4
45 49 3
46 59 5
46 50 3
46 62 4
46 56 3
46 52 3
46 78 3
46 51 3
47 60 1
47 52 3
47 81 3
47 58 5
47 74 3
47 66 5
47 68 5
48 67 3
48 57 2
48 61 3
48 64 3
48 56 3
48 59 4
48 76 3
49 70 4
49 79 1
49 62 5
49 72 3
49 61 4
49 75 2
49 80 4
50 78 1
50 54 3
50 81 1
50 75 5
50 69 4
50 71 4
50 56 2
51 74 3
51 66 4
51 68 1
51 53 1
51 67 3
51 76 5
51 52 2
52 81 5
52 73 4
52 64 5
52 59 1
52 78 1
52 75 4
52 79 5
53 79 5
53 78 4
53 61 5
53 74 5
53 69 2
53 66 2
53 63 1
54 75 4
54 68 2
54 70 2
54 77 4
54 76 2
54 59 1
54 73 4
55 60 2
55 76 4
55 74 4
55 66 2
55 56 2
55 70 2
55 77 1
56 74 4
56 70 5
56 78 4
56 59 4
56 73 4
56 60 1
56 71 1
57 68 1
57 60 5
57 64 5
57 59 1
57 81 2
57 74 3
57 75 2
58 65 2
58 66 5
58 74 2
58 76 2
58 72 4
58 69 3
58 59 3
59 60 4
59 79 1
59 69 3
59 68 3
59 63 4
59 70 3
59 80 3
60 71 4
60 81 4
60 79 1
60 70 4
60 62 4
60 80 3
60 64 3
61 68 1
61 67 1
61 75 2
61 63 5
61 70 5
61 79 1
61 73 1
62 70 5
62 65 5
62 79 2
62 80 2
62 77 3
62 69 1
62 81 1
63 79 1
63 68 5
63 67 2
63 77 4
63 78 2
63 76 2
63 75 3
64 74 3
64 78 4
64 70 1
64 67 4
64 68 2
64 76 1
64 80 2
65 69 2
65 72 4
65 79 4
65 66 3
65 68 5
65 77 2
65 78 1
66 78 2
66 80 4
66 67 5
66 74 1
66 76 3
66 81 1
66 68 2
67 73 1
67 76 5
67 71 3
67 80 5
67 68 4
67 81 2
67 72 2
68 73 5
68 76 1
68 77 1
68 79 3
68 75 5
68 81 3
68 69 3
69 70 3
69 73 2
69 77 3
69 72 3
69 78 3
69 81 3
69 79 2
70 79 1
70 78 3
70 81 3
70 80 2
70 74 1
70 75 3
70 72 5
71 79 3
71 73 2
71 75 5
71 76 1
71 77 2
71 72 4
71 80 4
72 75 5
72 77 2
72 81 1
72 74 2
72 76 1
72 79 3
72 78 5
73 80 4
73 79 5
73 77 4
73 75 3
73 74 1
73 81 5
73 76 1
74 78 2
74 79 5
74 75 4
74 80 3
74 81 2
74 77 1
74 76 4
75 81 1
75 76 5
75 78 3
75 80 5
75 79 4
75 77 2